400 2920 32768 32767
800 2920 32768 32767
1200 5840 32768 29847
1600 5840 32768 29847
2000 11680 32768 26927
2400 11680 32768 26927
2800 23360 32768 21087
3200 23360 32768 21087
3600 34019 32768 22547
4000 34019 32768 22547
4400 34940 32768 28387
4800 34940 32768 28387
5200 36072 32768 31307
5600 36072 32768 31307
6000 35730 18210 32767
6400 41570 18210 32767
6800 41570 18210 32767
7200 41570 18210 32767
7600 19670 18210 19627
8000 19670 18210 19627
8400 18210 18210 13787
8800 18210 18210 13787
9200 19234 18210 24007
9600 19234 18210 24007
10000 20621 18210 31307
10400 20621 18210 31307
10800 20621 18210 31307
11200 21823 18210 32767
11600 21823 18210 32767
12000 29988 11008 32767
12400 29988 11008 32767
12800 11943 11008 18167
13200 11943 11008 18167
13600 16454 6234 32767
14000 16454 6234 32767
14400 20834 6234 32767
14800 20834 6234 32767
15200 20834 6234 32767
15600 20834 6234 32767
16000 23754 6234 32767
16400 23754 6234 32767
16800 23754 6234 32767
17200 23754 6234 32767
17600 23754 6234 32767
18000 23754 6234 32767
18400 23754 6234 32767
18800 23754 6234 32767
19200 23754 6234 32767
19600 23754 6234 32767
20000 23754 6234 32767
20400 23754 6234 32767
20800 23754 6234 32767
21200 26674 6234 32767
21600 29594 6234 32767
22000 29594 6234 32767
22400 29594 6234 32767
22800 29594 6234 32767
23200 32514 6234 32767
23600 32514 6234 32767
24000 32514 6234 32767
24400 32514 6234 32767
24800 35434 6234 32767
25200 35434 6234 32767
25600 35434 6234 32767
26000 35434 6234 32767
26400 35434 6234 32767
26800 35434 6234 32767
27200 35434 6234 32767
27600 35434 6234 32767
28000 35434 6234 32767
28400 35434 6234 32767
28800 1460 17717 32767
29200 1460 17717 32767
29600 1460 17717 32767
30000 1460 17717 32767
30400 2920 17717 13787
30800 2920 17717 13787
31200 2920 17717 13787
31600 2920 17717 13787
32000 2920 17717 13787
32400 2920 17717 13787
32800 2920 17717 13787
33200 2920 17717 13787
33600 2920 17717 13787
34000 2920 17717 13787
34400 2920 17717 13787
34800 2920 17717 13787
35200 2920 17717 13787
35600 2920 17717 13787
36000 1460 1460 13787
36400 1460 1460 13787
36800 2920 1460 19627
37200 2920 1460 19627
37600 2920 1460 19627
38000 2920 1460 19627
38400 2920 1460 19627
38800 2920 1460 19627
39200 4234 1460 29847
39600 4234 1460 29847
40000 4234 1460 29847
40400 4234 1460 29847
40800 4234 1460 29847
41200 4234 1460 29847
41600 4234 1460 29847
42000 5186 1460 29847
42400 5186 1460 29847
42800 5186 1460 29847
43200 5186 1460 29847
43600 5186 1460 29847
44000 5186 1460 29847
44400 5186 1460 29847
44800 5186 1460 29847
45200 5186 1460 29847
45600 5186 1460 29847
46000 5186 1460 29847
46400 5186 1460 29847
46800 5186 1460 29847
47200 5186 1460 29847
47600 6333 1460 28387
48000 6333 1460 28387
48400 6333 1460 28387
48800 6333 1460 28387
49200 6333 1460 28387
49600 6333 1460 28387
50000 7293 1460 28387
50400 7585 1460 26927
50800 7585 1460 26927
51200 8397 1460 31307
51600 8896 1460 31307
52000 8896 1460 31307
52400 9135 1460 31307
52800 10246 1460 31307
53200 10246 1460 31307
53600 10246 1460 31307
54000 10246 1460 31307
54400 11620 1460 22547
54800 11620 1460 22547
55200 11620 1460 22547
55600 11620 1460 22547
56000 12845 1460 31307
56400 12845 1460 31307
56800 12845 1460 31307
57200 12845 1460 31307
57600 12845 1460 31307
58000 14112 1460 24007
58400 14112 1460 24007
58800 14112 1460 24007
59200 15413 1460 31307
59600 15551 1460 31307
60000 16740 1460 18167
60400 16740 1460 18167
60800 16740 1460 18167
61200 16740 1460 18167
61600 16993 1460 29847
62000 18086 1460 24007
62400 18086 1460 24007
62800 18086 1460 24007
63200 18086 1460 24007
63600 18086 1460 24007
64000 19116 1460 29847
64400 19337 1460 28387
64800 19337 1460 28387
65200 19337 1460 28387
65600 27298 9778 32767
66000 27298 9778 32767
66400 10620 9778 29847
66800 10620 9778 29847
67200 14365 5605 32767
67600 14365 5605 32767
68000 6341 5605 19627
68400 6341 5605 19627
68800 7592 5605 29847
69200 7592 5605 29847
69600 7592 5605 29847
70000 7592 5605 29847
70400 8902 5605 25467
70800 8902 5605 25467
71200 10252 5605 24007
71600 10252 5605 24007
72000 11624 5605 22547
72400 11624 5605 22547
72800 11624 5605 22547
73200 11624 5605 22547
73600 11624 5605 22547
74000 11624 5605 22547
74400 11624 5605 22547
74800 11624 5605 22547
75200 11624 5605 22547
75600 11624 5605 22547
76000 11624 5605 22547
76400 11624 5605 22547
76800 12681 5605 31307
77200 12849 5605 31307
77600 12849 5605 31307
78000 13964 5605 22547
78400 13964 5605 22547
78800 13964 5605 22547
79200 14116 5605 31307
79600 15278 5605 29847
80000 15417 5605 31307
80400 16616 5605 31307
80800 16744 5605 31307
81200 18090 5605 18167
81600 18090 5605 31307
82000 19341 5605 16707
82400 19451 5605 31307
82800 20515 5605 21087
83200 20823 5605 29847
83600 21917 5605 21087
84000 22206 5605 28387
84400 23142 5605 28387
84800 23507 5605 28387
85200 24480 5605 31307
85600 24910 5605 31307
86000 24910 5605 31307
86400 24910 5605 31307
86800 25748 5605 31307
87200 26238 5605 31307
87600 27113 5605 22547
88000 27578 5605 25467
88400 28187 5605 26927
88800 24426 14206 32767
89200 39026 14206 32767
89600 14206 14206 6487
90000 14795 14206 26927
90400 14795 14206 26927
90800 13726 7886 32767
91200 13726 7886 32767
91600 7886 7886 31307
92000 7886 7886 31307
92400 7886 7886 31307
92800 7886 7886 31307
93200 7886 7886 22547
93600 7886 7886 22547
94000 7886 7886 22547
94400 9154 7886 25467
94800 9154 7886 25467
95200 9154 7886 25467
95600 9154 7886 25467
96000 9154 7886 25467
96400 10469 7886 31307
96800 10469 7886 31307
97200 10469 7886 31307
97600 10469 7886 31307
98000 10469 7886 31307
98400 10469 7886 31307
98800 10469 7886 31307
99200 11817 7886 29847
99600 11817 7886 29847
100000 13186 7886 21087
100400 13186 7886 21087
100800 13186 7886 21087
101200 14571 7886 26927
101600 14571 7886 26927
102000 15834 7886 25467
102400 15834 7886 25467
102800 15834 7886 25467
103200 17004 7886 22547
103600 17004 7886 22547
104000 18330 7886 18167
104400 18330 7886 18167
104800 19674 7886 28387
105200 19674 7886 28387
105600 21032 7886 29847
106000 21032 7886 29847
106400 21032 7886 29847
106800 28236 10716 32767
107200 28236 10716 32767
107600 28236 10716 32767
108000 28236 10716 32767
108400 11855 10716 24007
108800 11855 10716 24007
109200 13221 10716 29847
109600 13221 10716 29847
110000 14603 10716 22547
110400 14603 10716 22547
110800 15997 10716 18167
111200 15997 10716 18167
111600 17282 10716 31307
112000 17282 10716 31307
112400 17405 10716 31307
112800 18588 10716 31307
113200 18588 10716 31307
113600 18588 10716 31307
114000 18588 10716 31307
114400 18815 10716 29847
114800 19914 10716 31307
115200 19914 10716 31307
115600 21257 10716 31307
116000 21257 10716 31307
116400 22614 10716 12327
116800 22614 10716 12327
117200 23171 10716 28387
117600 23353 10716 28387
118000 23353 10716 28387
118400 23353 10716 28387
118800 24678 10716 31307
119200 24678 10716 31307
119600 24678 10716 31307
120000 24678 10716 31307
120400 24678 10716 31307
120800 24678 10716 31307
121200 24678 10716 31307
121600 24678 10716 31307
122000 26018 10716 31307
122400 26018 10716 31307
122800 18025 13645 32767
123200 18025 13645 32767
123600 18025 13645 32767
124000 18025 13645 32767
124400 13645 13645 22547
124800 13645 13645 22547
125200 13645 13645 22547
125600 13645 13645 22547
126000 13645 13645 22547
126400 13645 13645 22547
126800 16565 13645 32767
127200 13645 13645 13787
127600 13645 13645 13787
128000 13645 13645 13787
128400 14700 13645 21087
128800 14845 13645 19627
129200 14845 13645 19627
129600 16218 13645 25467
130000 16218 13645 25467
130400 17483 13645 16707
130800 17483 13645 16707
131200 18775 13645 28387
131600 18775 13645 28387
132000 20089 13645 26927
132400 20089 13645 26927
132800 21420 13645 21087
133200 21420 13645 21087
133600 21420 13645 21087
134000 22768 13645 12327
134400 22768 13645 12327
134800 22768 13645 12327
135200 23503 13645 26927
135600 23503 13645 26927
136000 23503 13645 26927
136400 24822 13645 31307
136800 24822 13645 31307
137200 24822 13645 31307
137600 28598 12538 32767
138000 35898 12538 32767
138400 35898 12538 32767
138800 13364 12538 6487
139200 13989 12538 26927
139600 13989 12538 26927
140000 13989 12538 26927
140400 15301 12538 19627
140800 15301 12538 19627
141200 16638 12538 31307
141600 16638 12538 31307
142000 16638 12538 31307
142400 17993 12538 29847
142800 17993 12538 29847
143200 17993 12538 29847
143600 17993 12538 29847
144000 17993 12538 29847
144400 17993 12538 29847
144800 17993 12538 29847
145200 17993 12538 29847
145600 18916 12538 22547
146000 15410 9570 22547
146400 15410 9570 22547
146800 15410 9570 22547
147200 9570 9570 24007
147600 9570 9570 24007
148000 10221 9570 24007
148400 10221 9570 24007
148800 10221 9570 24007
149200 11597 9570 31307
149600 11597 9570 31307
150000 12824 9570 22547
150400 12824 9570 22547
150800 14096 9570 21087
151200 14096 9570 21087
151600 15399 9570 19627
152000 15399 9570 19627
152400 16726 9570 19627
152800 16726 9570 19627
153200 17228 9570 26927
153600 18072 9570 16707
154000 18072 9570 16707
154400 18072 9570 16707
154800 18072 9570 16707
155200 18072 9570 16707
155600 18072 9570 16707
156000 19323 9570 31307
156400 19323 9570 31307
156800 20602 9570 26927
157200 20602 9570 26927
157600 21999 9570 28387
158000 21999 9570 28387
158400 23403 9570 21087
158800 23403 9570 21087
159200 23403 9570 21087
159600 23403 9570 21087
160000 24642 9570 28387
160400 24899 9570 29847
160800 24424 12744 32767
161200 24424 12744 32767
161600 13871 12744 9407
162000 13871 12744 9407
162400 14620 12744 31307
162800 14620 12744 31307
163200 14620 12744 31307
163600 14620 12744 31307
164000 20665 7525 32767
164400 20665 7525 32767
164800 8599 7525 15247
165200 8599 7525 15247
165600 9771 7525 31307
166000 9771 7525 31307
166400 9771 7525 31307
166800 9771 7525 31307
167200 9771 7525 31307
167600 9771 7525 31307
168000 11011 7525 24007
168400 11011 7525 24007
168800 11204 7525 31307
169200 12299 7525 24007
169600 12299 7525 24007
170000 13620 7525 21087
170400 13620 7525 21087
170800 14965 7525 28387
171200 14965 7525 28387
171600 15248 7525 29847
172000 16197 7525 31307
172400 16197 7525 31307
172800 16197 7525 31307
173200 16197 7525 31307
173600 16197 7525 31307
174000 17584 7525 28387
174400 17584 7525 28387
174800 17584 7525 28387
175200 18180 7525 25467
175600 18870 7525 29847
176000 18870 7525 29847
176400 25607 9547 32767
176800 25607 9547 32767
177200 25607 9547 32767
177600 10613 9547 7947
178000 10613 9547 7947
178400 11580 9547 31307
178800 11580 9547 31307
179200 13449 6149 32767
179600 13449 6149 32767
180000 7135 6149 25467
180400 7135 6149 25467
180800 8261 6149 26927
181200 8261 6149 26927
181600 8261 6149 26927
182000 8261 6149 26927
182400 10346 4506 32767
182800 10346 4506 32767
183200 10346 4506 32767
183600 5407 4506 22547
184000 5407 4506 22547
184400 5407 4506 22547
184800 5407 4506 22547
185200 6513 4506 28387
185600 6513 4506 28387
186000 6513 4506 28387
186400 7735 4506 26927
186800 7735 4506 26927
187200 7735 4506 26927
187600 9024 4506 25467
188000 9024 4506 25467
188400 10357 4506 24007
188800 10357 4506 24007
189200 10357 4506 24007
189600 10763 4506 31307
190000 11717 4506 31307
190400 11717 4506 31307
190800 11717 4506 31307
191200 11717 4506 31307
191600 11717 4506 31307
192000 11717 4506 31307
192400 11717 4506 31307
192800 13096 4506 21087
193200 13096 4506 21087
193600 13733 4506 29847
194000 14342 4506 25467
194400 14342 4506 25467
194800 15624 4506 19627
195200 15624 4506 19627
195600 15624 4506 19627
196000 15624 4506 19627
196400 16292 4506 25467
196800 16932 4506 19627
197200 16932 4506 19627
197600 18147 4506 28387
198000 18147 4506 28387
198400 18147 4506 28387
198800 18147 4506 28387
199200 25250 9190 32767
199600 25250 9190 32767
200000 10294 9190 18167
200400 10294 9190 18167
200800 11662 9190 28387
201200 11662 9190 28387
201600 12715 9190 22547
202000 12715 9190 22547
202400 13995 9190 24007
202800 13995 9190 24007
203200 13995 9190 24007
203600 15307 9190 19627
204000 15584 9190 29847
204400 16644 9190 21087
204800 16644 9190 21087
205200 17999 9190 31307
205600 17999 9190 31307
206000 17999 9190 31307
206400 19366 9190 31307
206800 19366 9190 31307
207200 20642 9190 24007
207600 20642 9190 24007
208000 22037 9190 24007
208400 22037 9190 24007
208800 23439 9190 21087
209200 23439 9190 21087
209600 23439 9190 21087
210000 28003 11943 29847
210400 28003 11943 29847
210800 28003 11943 29847
211200 13137 11943 5027
211600 13137 11943 5027
212000 13617 11943 28387
212400 13617 11943 28387
212800 13617 11943 28387
213200 13617 11943 28387
213600 13617 11943 28387
214000 13617 11943 28387
214400 13617 11943 28387
214800 13617 11943 28387
215200 14962 11943 28387
215600 14962 11943 28387
216000 16325 11943 31307
216400 16325 11943 31307
216800 16325 11943 31307
217200 17581 11943 29847
217600 17581 11943 29847
218000 24971 8911 32767
218400 24971 8911 32767
218800 10046 8911 19627
219200 10046 8911 19627
219600 11255 8911 24007
220000 11255 8911 24007
220400 12517 8911 28387
220800 12517 8911 28387
221200 12517 8911 28387
221600 13660 8911 26927
222000 13660 8911 26927
222400 15001 8911 28387
222800 15001 8911 28387
223200 15001 8911 28387
223600 15001 8911 28387
224000 15143 8911 31307
224400 16230 8911 19627
224800 16230 8911 19627
225200 17616 8911 16707
225600 17616 8911 16707
226000 18787 8911 16707
226400 18900 8911 31307
226800 19994 8911 22547
227200 19994 8911 22547
227600 21231 8911 26927
228000 21231 8911 26927
228400 21628 8911 26927
228800 22589 8911 13787
229200 22589 8911 13787
229600 23420 8911 19627
230000 23420 8911 19627
230400 23420 8911 19627
230800 24571 8911 26927
231200 24571 8911 26927
231600 24571 8911 26927
232000 25916 8911 28387
232400 25916 8911 28387
232800 25916 8911 28387
233200 27194 8911 31307
233600 27194 8911 31307
234000 27194 8911 31307
234400 27194 8911 31307
234800 27194 8911 31307
235200 27194 8911 31307
235600 28490 8911 29847
236000 28490 8911 29847
236400 29248 14648 32767
236800 29248 14648 32767
237200 15498 14648 29847
237600 15498 14648 29847
238000 16817 14648 18167
238400 16817 14648 18167
238800 18038 14648 26927
239200 18038 14648 26927
239600 21046 9366 28387
240000 9366 9366 19627
240400 10452 9366 19627
240800 11801 9366 31307
241200 11801 9366 31307
241600 11801 9366 31307
242000 11801 9366 31307
242400 12158 9366 29847
242800 13171 9366 21087
243200 13171 9366 21087
243600 14411 9366 19627
244000 14411 9366 19627
244400 14411 9366 19627
244800 15687 9366 26927
245200 15687 9366 26927
245600 12813 8433 24007
246000 12813 8433 24007
246400 12813 8433 24007
246800 9400 8433 21087
247200 9400 8433 21087
247600 10684 8433 24007
248000 10883 8433 31307
248400 11828 8433 31307
248800 11828 8433 31307
249200 16399 6179 32767
249600 16399 6179 32767
250000 16399 6179 32767
250400 6179 6179 21087
250800 7160 6179 16707
251200 7160 6179 16707
251600 8282 6179 26927
252000 8282 6179 26927
252400 9496 6179 25467
252800 9496 6179 25467
253200 10567 6179 24007
253600 10567 6179 24007
254000 10567 6179 24007
254400 10567 6179 24007
254800 10567 6179 24007
255200 10567 6179 24007
255600 10567 6179 24007
256000 10965 6179 31307
256400 11902 6179 31307
256800 11902 6179 31307
257200 13262 6179 26927
257600 13262 6179 26927
258000 14640 6179 28387
258400 15490 6179 24007
258800 16032 6179 19627
259200 16032 6179 19627
259600 16032 6179 19627
260000 16032 6179 19627
260400 16032 6179 19627
260800 16164 6179 31307
261200 17308 6179 19627
261600 17308 6179 19627
262000 17308 6179 19627
262400 18497 6179 25467
262800 18497 6179 25467
263200 19722 6179 28387
263600 19722 6179 28387
264000 21078 6179 21087
264400 21078 6179 21087
264800 22351 6179 21087
265200 22351 6179 21087
265600 22351 6179 21087
266000 23644 6179 31307
266400 23644 6179 31307
266800 25040 6179 21087
267200 25040 6179 21087
267600 25040 6179 21087
268000 25125 6179 31307
268400 25709 6179 31307
268800 26199 6179 31307
269200 26199 6179 31307
269600 26199 6179 31307
270000 26199 6179 31307
270400 27541 6179 26927
270800 27541 6179 26927
271200 28893 6179 22547
271600 28893 6179 22547
272000 30725 14665 28387
272400 30725 14665 28387
272800 15236 14665 18167
273200 15236 14665 18167
273600 16447 14665 22547
274000 16447 14665 22547
274400 20158 8478 32767
274800 20158 8478 32767
275200 9441 8478 25467
275600 9441 8478 25467
276000 9441 8478 25467
276400 9441 8478 25467
276800 9441 8478 25467
277200 9441 8478 25467
277600 9441 8478 25467
278000 9441 8478 25467
278400 10720 8478 24007
278800 10720 8478 24007
279200 10720 8478 24007
279600 12038 8478 22547
280000 12038 8478 22547
280400 13386 8478 31307
280800 13545 8478 31307
281200 14460 8478 22547
281600 14752 8478 22547
282000 14752 8478 22547
282400 14752 8478 22547
282800 16134 8478 24007
283200 16134 8478 24007
283600 17528 8478 31307
284000 17528 8478 31307
284400 17528 8478 31307
284800 18929 8478 31307
285200 18929 8478 31307
285600 20128 8478 19627
286000 20128 8478 19627
286400 27636 10116 32767
286800 27636 10116 32767
287200 27636 10116 32767
287600 27636 10116 32767
288000 11126 10116 10867
288400 11126 10116 10867
288800 12401 10116 22547
289200 12401 10116 22547
289600 13556 10116 29847
290000 13556 10116 29847
290400 14763 10116 24007
290800 14763 10116 24007
291200 19204 7524 32767
291600 19204 7524 32767
292000 10444 7524 24007
292400 10444 7524 24007
292800 7524 7524 25467
293200 7524 7524 25467
293600 7524 7524 25467
294000 8551 4171 32767
294400 8551 4171 32767
294800 8551 4171 32767
295200 8551 4171 32767
295600 8551 4171 32767
296000 4171 4171 25467
296400 4171 4171 25467
296800 5137 4171 29847
297200 5137 4171 29847
297600 6294 4171 28387
298000 6294 4171 28387
298400 6294 4171 28387
298800 6294 4171 28387
299200 6294 4171 28387
299600 6294 4171 28387
300000 6294 4171 28387
300400 7552 4171 26927
300800 7552 4171 26927
301200 8869 4171 29847
301600 8869 4171 29847
302000 10222 4171 31307
302400 10222 4171 31307
302800 10222 4171 31307
303200 11598 4171 22547
303600 11598 4171 22547
304000 11598 4171 22547
304400 12657 4171 22547
304800 12657 4171 22547
305200 12657 4171 22547
305600 13945 4171 22547
306000 13945 4171 22547
306400 18878 7198 32767
306800 18878 7198 32767
307200 8052 7198 15247
307600 8052 7198 15247
308000 9296 7198 25467
308400 9296 7198 25467
308800 10593 7198 24007
309200 10593 7198 24007
309600 11926 7198 22547
310000 11926 7198 22547
310400 13284 7198 21087
310800 13284 7198 21087
311200 14365 7198 19627
311600 14365 7198 19627
312000 13524 7684 26927
312400 13524 7684 26927
312800 13524 7684 26927
313200 13524 7684 26927
313600 7684 7684 22547
314000 7684 7684 22547
314400 8487 7684 28387
314800 8981 7684 25467
315200 8981 7684 25467
315600 10319 7684 24007
316000 10319 7684 24007
316400 11684 7684 22547
316800 11684 7684 22547
317200 13067 7684 21087
317600 13067 7684 21087
318000 13067 7684 21087
318400 13067 7684 21087
318800 14317 7684 21087
319200 14317 7684 21087
319600 14317 7684 21087
320000 14317 7684 21087
320400 14317 7684 21087
320800 14317 7684 21087
321200 14317 7684 21087
321600 14892 7592 32767
322000 14892 7592 32767
322400 14892 7592 32767
322800 7872 7592 18167
323200 7872 7592 18167
323600 7872 7592 18167
324000 7872 7592 18167
324400 9141 7592 31307
324800 9141 7592 31307
325200 10252 7592 26927
325600 10252 7592 26927
326000 14091 5331 32767
326400 14091 5331 32767
326800 14091 5331 32767
327200 14091 5331 32767
327600 14091 5331 32767
328000 14091 5331 32767
328400 6102 5331 25467
328800 6102 5331 25467
329200 7395 5331 26927
329600 7395 5331 26927
330000 8737 5331 25467
330400 8737 5331 25467
330800 8737 5331 25467
331200 8737 5331 25467
331600 9893 5331 25467
332000 9893 5331 25467
332400 11119 5331 24007
332800 11119 5331 24007
333200 12394 5331 25467
333600 12394 5331 25467
334000 13706 5331 21087
334400 13706 5331 21087
334800 15043 5331 25467
335200 15043 5331 25467
335600 15043 5331 25467
336000 12515 8135 28387
336400 12515 8135 28387
336800 19815 8135 32767
337200 19815 8135 32767
337600 19815 8135 32767
338000 21275 8135 32767
338400 25655 8135 32767
338800 25655 8135 32767
339200 31495 8135 32767
339600 31495 8135 32767
340000 37335 8135 32767
340400 38795 8135 32767
340800 38795 8135 32767
341200 38795 8135 32767
341600 38795 8135 32767
342000 38795 8135 32767
342400 38795 8135 32767
342800 38795 8135 32767
343200 38795 8135 32767
343600 38795 8135 32767
344000 38795 8135 32767
344400 38795 8135 32767
344800 38795 8135 32767
345200 1460 19397 32767
345600 1460 19397 32767
346000 1460 19397 32767
346400 2920 19397 647
346800 2920 19397 647
347200 2920 19397 647
347600 2920 19397 647
348000 2920 19397 647
348400 2920 19397 647
348800 2920 19397 647
349200 2920 19397 647
349600 2920 19397 647
350000 2920 19397 647
350400 2920 19397 647
350800 4380 19397 32767
351200 4380 19397 32767
351600 4380 19397 32767
352000 8760 19397 28387
352400 8760 19397 28387
352800 8760 19397 28387
353200 8760 19397 28387
353600 17520 19397 25467
354000 17520 19397 25467
354400 21455 19397 15247
354800 21455 19397 15247
355200 22424 19397 28387
355600 22424 19397 28387
356000 22424 19397 28387
356400 23802 19397 25467
356800 23802 19397 25467
357200 25188 19397 29847
357600 25188 19397 29847
358000 26341 19397 24007
358400 26341 19397 24007
358800 27445 19397 12327
359200 27445 19397 12327
359600 28057 19397 21087
360000 28057 19397 21087
360400 29095 19397 16707
360800 29095 19397 16707
361200 29095 19397 16707
361600 29095 19397 16707
362000 29886 19397 22547
362400 29886 19397 22547
362800 29886 19397 22547
363200 29886 19397 22547
363600 29886 19397 22547
364000 29886 19397 22547
364400 29886 19397 22547
364800 30098 19397 31307
365200 30932 19397 28387
365600 30932 19397 28387
366000 32075 19397 31307
366400 32075 19397 31307
366800 32075 19397 31307
367200 33433 19397 28387
367600 33433 19397 28387
368000 33433 19397 28387
368400 34615 19397 12327
368800 34676 19397 31307
369200 35101 19397 25467
369600 35161 19397 25467
370000 36112 19397 29847
370400 36171 19397 31307
370800 36809 19397 15247
371200 37265 19397 26927
371600 37265 19397 26927
372000 37996 19397 25467
372400 38273 19397 31307
372800 38273 19397 31307
373200 39416 19397 29847
373600 39416 19397 29847
374000 39416 19397 29847
374400 39577 19397 28387
374800 40370 19397 29847
375200 40370 19397 29847
375600 40370 19397 29847
376000 41402 19397 29847
376400 41402 19397 29847
376800 42360 19397 29847
377200 42360 19397 29847
377600 34641 21501 32767
378000 34641 21501 32767
378400 21501 21501 7947
378800 21501 21501 7947
379200 15326 10946 31307
379600 15326 10946 31307
380000 12065 10946 25467
